Gauss method:
x1 = -2.851641578977349
x2 = 26.12337551753973
x3 = -27.52886426269475
x4 = 29.30145494790989
x5 = -43.11063133988209


Gauss Zeidel method:
x1 = -2.85164157850106
x2 = 26.12337552025834
x3 = -27.52886426251343
x4 = 29.30145494805149
x5 = -43.11063133990227


Cramer method:
x1 = -3.130102428710619
x2 = 25.54898189668929
x3 = -27.96159727119293
x4 = 28.83139564174277
x5 = 1.037697165067846
