Gauss method:
x1 = -2.8599967539596091726
x2 = 26.199999566999611744
x3 = -28.399996764254858306
x4 = 29.289997144751644953
x5 = -43.120004714961858383


Gauss Zeidel method:
x1 = -2.8599967528611225376
x2 = 26.199999568425603513
x3 = -28.399996764562931872
x4 = 29.289997144899349024
x5 = -43.120004714984482064


Cramer method:
x1 = -2.8599967539596091726
x2 = 26.199999566999615297
x3 = -28.399996764254861858
x4 = 29.289997144751648506
x5 = -43.120004714961872594
